{
 "cells": [
  {
   "cell_type": "code",
   "execution_count": 1,
   "id": "c46392bc",
   "metadata": {},
   "outputs": [
    {
     "ename": "ConnectionResetError",
     "evalue": "[WinError 10054] An existing connection was forcibly closed by the remote host",
     "output_type": "error",
     "traceback": [
      "\u001b[1;31m---------------------------------------------------------------------------\u001b[0m",
      "\u001b[1;31mConnectionResetError\u001b[0m                      Traceback (most recent call last)",
      "Cell \u001b[1;32mIn[1], line 80\u001b[0m\n\u001b[0;32m     77\u001b[0m listener\u001b[38;5;241m.\u001b[39mstart()\n\u001b[0;32m     79\u001b[0m client \u001b[38;5;241m=\u001b[39m hl2ss_lnm\u001b[38;5;241m.\u001b[39mrx_pv(host, hl2ss\u001b[38;5;241m.\u001b[39mStreamPort\u001b[38;5;241m.\u001b[39mPERSONAL_VIDEO, mode\u001b[38;5;241m=\u001b[39mmode, width\u001b[38;5;241m=\u001b[39mwidth, height\u001b[38;5;241m=\u001b[39mheight, framerate\u001b[38;5;241m=\u001b[39mframerate, divisor\u001b[38;5;241m=\u001b[39mdivisor, profile\u001b[38;5;241m=\u001b[39mprofile, decoded_format\u001b[38;5;241m=\u001b[39mdecoded_format)\n\u001b[1;32m---> 80\u001b[0m \u001b[43mclient\u001b[49m\u001b[38;5;241;43m.\u001b[39;49m\u001b[43mopen\u001b[49m\u001b[43m(\u001b[49m\u001b[43m)\u001b[49m\n\u001b[0;32m     82\u001b[0m \u001b[38;5;28;01mwhile\u001b[39;00m (enable):\n\u001b[0;32m     83\u001b[0m     data \u001b[38;5;241m=\u001b[39m client\u001b[38;5;241m.\u001b[39mget_next_packet()\n",
      "File \u001b[1;32m~\\Desktop\\hl2ss\\viewer\\hl2ss.py:1388\u001b[0m, in \u001b[0;36mrx_decoded_pv.open\u001b[1;34m(self)\u001b[0m\n\u001b[0;32m   1386\u001b[0m \u001b[38;5;28mself\u001b[39m\u001b[38;5;241m.\u001b[39m_codec\u001b[38;5;241m.\u001b[39mcreate(\u001b[38;5;28mself\u001b[39m\u001b[38;5;241m.\u001b[39mwidth, \u001b[38;5;28mself\u001b[39m\u001b[38;5;241m.\u001b[39mheight)\n\u001b[0;32m   1387\u001b[0m \u001b[38;5;28msuper\u001b[39m()\u001b[38;5;241m.\u001b[39mopen()\n\u001b[1;32m-> 1388\u001b[0m \u001b[38;5;28;43mself\u001b[39;49m\u001b[38;5;241;43m.\u001b[39;49m\u001b[43mget_next_packet\u001b[49m\u001b[43m(\u001b[49m\u001b[43m)\u001b[49m\n",
      "File \u001b[1;32m~\\Desktop\\hl2ss\\viewer\\hl2ss.py:1391\u001b[0m, in \u001b[0;36mrx_decoded_pv.get_next_packet\u001b[1;34m(self)\u001b[0m\n\u001b[0;32m   1390\u001b[0m \u001b[38;5;28;01mdef\u001b[39;00m \u001b[38;5;21mget_next_packet\u001b[39m(\u001b[38;5;28mself\u001b[39m):\n\u001b[1;32m-> 1391\u001b[0m     data \u001b[38;5;241m=\u001b[39m \u001b[38;5;28;43msuper\u001b[39;49m\u001b[43m(\u001b[49m\u001b[43m)\u001b[49m\u001b[38;5;241;43m.\u001b[39;49m\u001b[43mget_next_packet\u001b[49m\u001b[43m(\u001b[49m\u001b[43m)\u001b[49m\n\u001b[0;32m   1392\u001b[0m     data\u001b[38;5;241m.\u001b[39mpayload \u001b[38;5;241m=\u001b[39m unpack_pv(data\u001b[38;5;241m.\u001b[39mpayload)\n\u001b[0;32m   1393\u001b[0m     data\u001b[38;5;241m.\u001b[39mpayload\u001b[38;5;241m.\u001b[39mimage \u001b[38;5;241m=\u001b[39m \u001b[38;5;28mself\u001b[39m\u001b[38;5;241m.\u001b[39m_codec\u001b[38;5;241m.\u001b[39mdecode(data\u001b[38;5;241m.\u001b[39mpayload\u001b[38;5;241m.\u001b[39mimage, \u001b[38;5;28mself\u001b[39m\u001b[38;5;241m.\u001b[39mformat)\n",
      "File \u001b[1;32m~\\Desktop\\hl2ss\\viewer\\hl2ss.py:737\u001b[0m, in \u001b[0;36mrx_pv.get_next_packet\u001b[1;34m(self)\u001b[0m\n\u001b[0;32m    736\u001b[0m \u001b[38;5;28;01mdef\u001b[39;00m \u001b[38;5;21mget_next_packet\u001b[39m(\u001b[38;5;28mself\u001b[39m):\n\u001b[1;32m--> 737\u001b[0m     \u001b[38;5;28;01mreturn\u001b[39;00m \u001b[38;5;28;43mself\u001b[39;49m\u001b[38;5;241;43m.\u001b[39;49m\u001b[43m_client\u001b[49m\u001b[38;5;241;43m.\u001b[39;49m\u001b[43mget_next_packet\u001b[49m\u001b[43m(\u001b[49m\u001b[43m)\u001b[49m\n",
      "File \u001b[1;32m~\\Desktop\\hl2ss\\viewer\\hl2ss.py:388\u001b[0m, in \u001b[0;36m_gatherer.get_next_packet\u001b[1;34m(self)\u001b[0m\n\u001b[0;32m    386\u001b[0m \u001b[38;5;28;01mdef\u001b[39;00m \u001b[38;5;21mget_next_packet\u001b[39m(\u001b[38;5;28mself\u001b[39m):\n\u001b[0;32m    387\u001b[0m     \u001b[38;5;28;01mwhile\u001b[39;00m (\u001b[38;5;28;01mTrue\u001b[39;00m):\n\u001b[1;32m--> 388\u001b[0m         \u001b[38;5;28mself\u001b[39m\u001b[38;5;241m.\u001b[39m_unpacker\u001b[38;5;241m.\u001b[39mextend(\u001b[38;5;28;43mself\u001b[39;49m\u001b[38;5;241;43m.\u001b[39;49m\u001b[43m_client\u001b[49m\u001b[38;5;241;43m.\u001b[39;49m\u001b[43mrecv\u001b[49m\u001b[43m(\u001b[49m\u001b[38;5;28;43mself\u001b[39;49m\u001b[38;5;241;43m.\u001b[39;49m\u001b[43m_chunk_size\u001b[49m\u001b[43m)\u001b[49m)\n\u001b[0;32m    389\u001b[0m         \u001b[38;5;28;01mif\u001b[39;00m (\u001b[38;5;28mself\u001b[39m\u001b[38;5;241m.\u001b[39m_unpacker\u001b[38;5;241m.\u001b[39munpack()):\n\u001b[0;32m    390\u001b[0m             \u001b[38;5;28;01mreturn\u001b[39;00m \u001b[38;5;28mself\u001b[39m\u001b[38;5;241m.\u001b[39m_unpacker\u001b[38;5;241m.\u001b[39mget()\n",
      "File \u001b[1;32m~\\Desktop\\hl2ss\\viewer\\hl2ss.py:276\u001b[0m, in \u001b[0;36m_client.recv\u001b[1;34m(self, chunk_size)\u001b[0m\n\u001b[0;32m    275\u001b[0m \u001b[38;5;28;01mdef\u001b[39;00m \u001b[38;5;21mrecv\u001b[39m(\u001b[38;5;28mself\u001b[39m, chunk_size):\n\u001b[1;32m--> 276\u001b[0m     chunk \u001b[38;5;241m=\u001b[39m \u001b[38;5;28;43mself\u001b[39;49m\u001b[38;5;241;43m.\u001b[39;49m\u001b[43m_socket\u001b[49m\u001b[38;5;241;43m.\u001b[39;49m\u001b[43mrecv\u001b[49m\u001b[43m(\u001b[49m\u001b[43mchunk_size\u001b[49m\u001b[43m)\u001b[49m\n\u001b[0;32m    277\u001b[0m     \u001b[38;5;28;01mif\u001b[39;00m (\u001b[38;5;28mlen\u001b[39m(chunk) \u001b[38;5;241m<\u001b[39m\u001b[38;5;241m=\u001b[39m \u001b[38;5;241m0\u001b[39m):\n\u001b[0;32m    278\u001b[0m         \u001b[38;5;28;01mraise\u001b[39;00m \u001b[38;5;167;01mException\u001b[39;00m(\u001b[38;5;124m'\u001b[39m\u001b[38;5;124mconnection closed\u001b[39m\u001b[38;5;124m'\u001b[39m)\n",
      "\u001b[1;31mConnectionResetError\u001b[0m: [WinError 10054] An existing connection was forcibly closed by the remote host"
     ]
    }
   ],
   "source": [
    "#------------------------------------------------------------------------------\n",
    "# This script receives video from the HoloLens front RGB camera and plays it.\n",
    "# The camera supports various resolutions and framerates. See\n",
    "# https://github.com/jdibenes/hl2ss/blob/main/etc/pv_configurations.txt\n",
    "# for a list of supported formats. The default configuration is 1080p 30 FPS. \n",
    "# The stream supports three operating modes: 0) video, 1) video + camera pose, \n",
    "# 2) query calibration (single transfer).\n",
    "# Press esc to stop.\n",
    "#------------------------------------------------------------------------------\n",
    "\n",
    "from pynput import keyboard\n",
    "\n",
    "import cv2\n",
    "import hl2ss_imshow\n",
    "import hl2ss\n",
    "import hl2ss_lnm\n",
    "\n",
    "# Settings --------------------------------------------------------------------\n",
    "\n",
    "# HoloLens address\n",
    "host = \"192.168.0.114\"\n",
    "\n",
    "# Operating mode\n",
    "# 0: video\n",
    "# 1: video + camera pose\n",
    "# 2: query calibration (single transfer)\n",
    "mode = hl2ss.StreamMode.MODE_0\n",
    "\n",
    "# Enable Mixed Reality Capture (Holograms)\n",
    "enable_mrc = False\n",
    "\n",
    "# Camera parameters\n",
    "width     = 320\n",
    "height    = 288\n",
    "framerate = 5\n",
    "\n",
    "# Framerate denominator (must be > 0)\n",
    "# Effective FPS is framerate / divisor\n",
    "divisor = 1 \n",
    "\n",
    "# Video encoding profile\n",
    "profile = hl2ss.VideoProfile.H265_MAIN\n",
    "\n",
    "# Decoded format\n",
    "# Options include:\n",
    "# 'bgr24'\n",
    "# 'rgb24'\n",
    "# 'bgra'\n",
    "# 'rgba'\n",
    "# 'gray8'\n",
    "decoded_format = 'bgr24'\n",
    "\n",
    "#------------------------------------------------------------------------------\n",
    "\n",
    "hl2ss_lnm.start_subsystem_pv(host, hl2ss.StreamPort.PERSONAL_VIDEO, enable_mrc=enable_mrc)\n",
    "\n",
    "if (mode == hl2ss.StreamMode.MODE_2):\n",
    "    data = hl2ss_lnm.download_calibration_pv(host, hl2ss.StreamPort.PERSONAL_VIDEO, width, height, framerate)\n",
    "    print('Calibration')\n",
    "    print(f'Focal length: {data.focal_length}')\n",
    "    print(f'Principal point: {data.principal_point}')\n",
    "    print(f'Radial distortion: {data.radial_distortion}')\n",
    "    print(f'Tangential distortion: {data.tangential_distortion}')\n",
    "    print('Projection')\n",
    "    print(data.projection)\n",
    "    print('Intrinsics')\n",
    "    print(data.intrinsics)\n",
    "else:\n",
    "    enable = True\n",
    "\n",
    "    def on_press(key):\n",
    "        global enable\n",
    "        enable = key != keyboard.Key.esc\n",
    "        return enable\n",
    "\n",
    "    listener = keyboard.Listener(on_press=on_press)\n",
    "    listener.start()\n",
    "\n",
    "    client = hl2ss_lnm.rx_pv(host, hl2ss.StreamPort.PERSONAL_VIDEO, mode=mode, width=width, height=height, framerate=framerate, divisor=divisor, profile=profile, decoded_format=decoded_format)\n",
    "    client.open()\n",
    "\n",
    "    while (enable):\n",
    "        data = client.get_next_packet()\n",
    "\n",
    "        print(f'Pose at time {data.timestamp}')\n",
    "        print(data.pose)\n",
    "        print(f'Focal length: {data.payload.focal_length}')\n",
    "        print(f'Principal point: {data.payload.principal_point}')\n",
    "\n",
    "        cv2.imshow('Video', data.payload.image)\n",
    "        cv2.waitKey(1)\n",
    "\n",
    "    client.close()\n",
    "    listener.join()\n",
    "\n",
    "hl2ss_lnm.stop_subsystem_pv(host, hl2ss.StreamPort.PERSONAL_VIDEO)\n"
   ]
  },
  {
   "cell_type": "code",
   "execution_count": null,
   "id": "d3e7cce8",
   "metadata": {},
   "outputs": [
    {
     "name": "stdout",
     "output_type": "stream",
     "text": [
      "Jupyter environment detected. Enabling Open3D WebVisualizer.\n",
      "[Open3D INFO] WebRTC GUI backend enabled.\n",
      "[Open3D INFO] WebRTCWindowSystem: HTTP handshake server disabled.\n",
      "Pose at time 8772936263\n",
      "[[ 0.50473416 -0.8593098  -0.08264488  0.        ]\n",
      " [-0.25457373 -0.05668211 -0.9653908   0.        ]\n",
      " [ 0.82488525  0.50830483 -0.24736714  0.        ]\n",
      " [-0.6406706   0.04802474 -0.37731904  1.        ]]\n",
      "Pose at time 8773154850\n",
      "[[ 0.5048421  -0.8592392  -0.08271825  0.        ]\n",
      " [-0.2547263  -0.05672991 -0.9653476   0.        ]\n",
      " [ 0.824772    0.5084186  -0.24751043  0.        ]\n",
      " [-0.640748    0.04805484 -0.37735945  1.        ]]\n",
      "Pose at time 8773374856\n",
      "[[ 0.50499    -0.85914654 -0.08277944  0.        ]\n",
      " [-0.2549333  -0.05683899 -0.9652868   0.        ]\n",
      " [ 0.8246176   0.50856346 -0.24772823  0.        ]\n",
      " [-0.64081794  0.04809192 -0.37741807  1.        ]]\n",
      "Pose at time 8773594860\n",
      "[[ 0.50523376 -0.8589926  -0.08288851  0.        ]\n",
      " [-0.25521994 -0.05697525 -0.96520275  0.        ]\n",
      " [ 0.82437944  0.5088077  -0.24801779  0.        ]\n",
      " [-0.6409019   0.04812613 -0.3774715   1.        ]]\n",
      "Pose at time 8773814860\n",
      "[[ 0.5054766  -0.8588278  -0.08311567  0.        ]\n",
      " [-0.25553632 -0.05699766 -0.9651178   0.        ]\n",
      " [ 0.8241327   0.5090835  -0.24827266  0.        ]\n",
      " [-0.64099175  0.04818201 -0.37750295  1.        ]]\n",
      "Pose at time 8774034868\n",
      "[[ 0.5058377  -0.85859644 -0.08330938  0.        ]\n",
      " [-0.25576463 -0.05704343 -0.96505463  0.        ]\n",
      " [ 0.82384014  0.50946856 -0.24845326  0.        ]\n",
      " [-0.64105225  0.04825145 -0.37755603  1.        ]]\n",
      "Pose at time 8774254869\n",
      "[[ 0.50609756 -0.85842955 -0.08344957  0.        ]\n",
      " [-0.25594625 -0.05708623 -0.96500385  0.        ]\n",
      " [ 0.82362413  0.50974464 -0.24860299  0.        ]\n",
      " [-0.6411231   0.04829618 -0.37760156  1.        ]]\n",
      "Pose at time 8774474872\n",
      "[[ 0.50623333 -0.85834444 -0.08350199  0.        ]\n",
      " [-0.25609267 -0.05716419 -0.9649606   0.        ]\n",
      " [ 0.8234952   0.50987947 -0.24875414  0.        ]\n",
      " [-0.6411762   0.04832852 -0.3775944   1.        ]]\n",
      "Pose at time 8774694877\n",
      "[[ 0.50627804 -0.8583232  -0.08344966  0.        ]\n",
      " [-0.2561197  -0.05725503 -0.96494806  0.        ]\n",
      " [ 0.8234594   0.5099052  -0.24882054  0.        ]\n",
      " [-0.6411779   0.04834887 -0.37759846  1.        ]]\n",
      "Pose at time 8774935365\n",
      "[[ 0.5062682  -0.8583392  -0.08334538  0.        ]\n",
      " [-0.25600734 -0.05729926 -0.9649752   0.        ]\n",
      " [ 0.8235003   0.50987333 -0.24874997  0.        ]\n",
      " [-0.64115405  0.04836419 -0.37758377  1.        ]]\n",
      "Pose at time 8775153963\n",
      "[[ 0.50629216 -0.85833234 -0.08326966  0.        ]\n",
      " [-0.25579447 -0.05726063 -0.9650338   0.        ]\n",
      " [ 0.8235517   0.50988895 -0.24854732  0.        ]\n",
      " [-0.6411549   0.04835373 -0.37754554  1.        ]]\n",
      "Pose at time 8775373970\n",
      "[[ 0.5063015  -0.8583288  -0.08325016  0.        ]\n",
      " [-0.25554863 -0.05713367 -0.96510667  0.        ]\n",
      " [ 0.82362235  0.50990945 -0.2482717   0.        ]\n",
      " [-0.6411031   0.04836494 -0.37748012  1.        ]]\n",
      "Pose at time 8775593972\n",
      "[[ 0.5063144  -0.85832304 -0.08323079  0.        ]\n",
      " [-0.25521964 -0.05695617 -0.9652042   0.        ]\n",
      " [ 0.8237164   0.5099389  -0.24789858  0.        ]\n",
      " [-0.6410486   0.04837519 -0.37742227  1.        ]]\n",
      "Pose at time 8775813974\n",
      "[[ 0.506259   -0.8583592  -0.08319491  0.        ]\n",
      " [-0.25487852 -0.05676675 -0.96530557  0.        ]\n",
      " [ 0.8238561   0.5098994  -0.24751616  0.        ]\n",
      " [-0.64102197  0.04837146 -0.3773463   1.        ]]\n",
      "Pose at time 8776033979\n",
      "[[ 0.50616527 -0.8584236  -0.08310062  0.        ]\n",
      " [-0.2545937  -0.05666471 -0.9653867   0.        ]\n",
      " [ 0.8240017   0.50980216 -0.247231    0.        ]\n",
      " [-0.64098513  0.0483712  -0.37729314  1.        ]]\n",
      "Pose at time 8776253982\n",
      "[[ 0.506178   -0.85842526 -0.08300561  0.        ]\n",
      " [-0.25439855 -0.05665517 -0.96543866  0.        ]\n",
      " [ 0.8240542   0.5098004  -0.2470597   0.        ]\n",
      " [-0.6409599   0.04837754 -0.3772649   1.        ]]\n",
      "Pose at time 8776473987\n",
      "[[ 0.50619936 -0.85841537 -0.08297858  0.        ]\n",
      " [-0.25434867 -0.05666196 -0.9654514   0.        ]\n",
      " [ 0.8240565   0.50981647 -0.24701905  0.        ]\n",
      " [-0.6409818   0.04837182 -0.37725168  1.        ]]\n",
      "Pose at time 8776693993\n",
      "[[ 0.50625926 -0.85837364 -0.08304387  0.        ]\n",
      " [-0.2544876  -0.05669475 -0.9654129   0.        ]\n",
      " [ 0.8239768   0.509883   -0.2471478   0.        ]\n",
      " [-0.64100856  0.04839337 -0.377264    1.        ]]\n",
      "Pose at time 8776936327\n",
      "[[ 0.5063557  -0.85829926 -0.08322409  0.        ]\n",
      " [-0.25480494 -0.05672085 -0.9653275   0.        ]\n",
      " [ 0.8238194   0.510005   -0.24741983  0.        ]\n",
      " [-0.64105356  0.04842123 -0.37729812  1.        ]]\n",
      "Pose at time 8777154928\n",
      "[[ 0.50638187 -0.8582641  -0.08342651  0.        ]\n",
      " [-0.25518307 -0.05673599 -0.9652266   0.        ]\n",
      " [ 0.8236861   0.5100623  -0.24774444  0.        ]\n",
      " [-0.64111674  0.0484269  -0.37733662  1.        ]]\n",
      "Pose at time 8777374929\n",
      "[[ 0.5063281  -0.8582783  -0.08360761  0.        ]\n",
      " [-0.255543   -0.05673718 -0.9651314   0.        ]\n",
      " [ 0.8236077   0.5100385  -0.24805474  0.        ]\n",
      " [-0.64117694  0.04843059 -0.37737852  1.        ]]\n",
      "Pose at time 8777594935\n",
      "[[ 0.50625527 -0.85830617 -0.08376187  0.        ]\n",
      " [-0.2558005  -0.05669844 -0.9650655   0.        ]\n",
      " [ 0.8235725   0.5099958  -0.24825907  0.        ]\n",
      " [-0.6412062   0.04843324 -0.37740538  1.        ]]\n",
      "Pose at time 8777814938\n",
      "[[ 0.5062069  -0.85832673 -0.08384317  0.        ]\n",
      " [-0.2559045  -0.05665493 -0.9650403   0.        ]\n",
      " [ 0.82356983  0.5099659  -0.24832869  0.        ]\n",
      " [-0.6412156   0.04843256 -0.37738895  1.        ]]\n",
      "Pose at time 8778034940\n",
      "[[ 0.5062008  -0.85833275 -0.08381841  0.        ]\n",
      " [-0.25580123 -0.05661666 -0.9650699   0.        ]\n",
      " [ 0.82360566  0.50995994 -0.248222    0.        ]\n",
      " [-0.6412111   0.04843098 -0.37738308  1.        ]]\n",
      "Pose at time 8778254945\n",
      "[[ 0.50624824 -0.85831666 -0.08369708  0.        ]\n",
      " [-0.25557837 -0.05663145 -0.96512836  0.        ]\n",
      " [ 0.82364583  0.50998574 -0.24803686  0.        ]\n",
      " [-0.64119005  0.04843521 -0.37735876  1.        ]]\n",
      "Pose at time 8778474947\n",
      "[[ 0.5063249  -0.85828793 -0.08352673  0.        ]\n",
      " [-0.25529623 -0.056674   -0.96520025  0.        ]\n",
      " [ 0.82368606  0.5100289  -0.2478131   0.        ]\n",
      " [-0.6411796   0.04842681 -0.37728605  1.        ]]\n",
      "Pose at time 8778694952\n",
      "[[ 0.50632733 -0.85830534 -0.0833348   0.        ]\n",
      " [-0.25501654 -0.05671787 -0.96527195  0.        ]\n",
      " [ 0.8237714   0.50999546 -0.24759984  0.        ]\n",
      " [-0.6411525   0.04842755 -0.37724823  1.        ]]\n",
      "Pose at time 8778936336\n",
      "[[ 0.5063019  -0.8583344  -0.08319014  0.        ]\n",
      " [-0.2548093  -0.0567435  -0.96532506  0.        ]\n",
      " [ 0.82385117  0.50994354 -0.24744093  0.        ]\n",
      " [-0.64113355  0.04843166 -0.37721854  1.        ]]\n",
      "Pose at time 8779154943\n",
      "[[ 0.5063168  -0.8583289  -0.08315688  0.        ]\n",
      " [-0.2547186  -0.05673003 -0.96535003  0.        ]\n",
      " [ 0.8238701   0.5099546  -0.24735582  0.        ]\n",
      " [-0.6411679   0.04842094 -0.3771793   1.        ]]\n",
      "Pose at time 8779374946\n",
      "[[ 0.50643194 -0.85825515 -0.083215    0.        ]\n",
      " [-0.2547272  -0.05670869 -0.96534866  0.        ]\n",
      " [ 0.8237965   0.5100805  -0.24733996  0.        ]\n",
      " [-0.6411989   0.04843184 -0.37715915  1.        ]]\n",
      "Pose at time 8779594951\n",
      "[[ 0.50651956 -0.8581935  -0.08331802  0.        ]\n",
      " [-0.2548064  -0.05667138 -0.9653301   0.        ]\n",
      " [ 0.8237182   0.5101886  -0.24737835  0.        ]\n",
      " [-0.6412166   0.04846045 -0.3771694   1.        ]]\n",
      "Pose at time 8779814957\n",
      "[[ 0.50654745 -0.8581681  -0.08340967  0.        ]\n",
      " [-0.25491598 -0.05664551 -0.9653025   0.        ]\n",
      " [ 0.8236671   0.51023394 -0.2474544   0.        ]\n",
      " [-0.64126253  0.04847303 -0.37720847  1.        ]]\n",
      "Pose at time 8780034959\n",
      "[[ 0.5064874  -0.85819197 -0.0835281   0.        ]\n",
      " [-0.25511146 -0.05661309 -0.96525276  0.        ]\n",
      " [ 0.82364345  0.5101974  -0.24760842  0.        ]\n",
      " [-0.6413053   0.04847106 -0.3772124   1.        ]]\n",
      "Pose at time 8780254965\n",
      "[[ 0.50641143 -0.85822713 -0.08362922  0.        ]\n",
      " [-0.25529674 -0.05658877 -0.9652055   0.        ]\n",
      " [ 0.82363296  0.51014143 -0.24775982  0.        ]\n",
      " [-0.6413412   0.04847556 -0.37724692  1.        ]]\n",
      "Pose at time 8780474966\n",
      "[[ 0.5064066  -0.85822296 -0.08369932  0.        ]\n",
      " [-0.2554588  -0.05660832 -0.9651612   0.        ]\n",
      " [ 0.8235855   0.51014566 -0.2479074   0.        ]\n",
      " [-0.6414114   0.04846784 -0.3772869   1.        ]]\n",
      "Pose at time 8780694970\n",
      "[[ 0.5064628  -0.8581865  -0.08373389  0.        ]\n",
      " [-0.25562564 -0.05669188 -0.96511215  0.        ]\n",
      " [ 0.8234992   0.51019794 -0.24808681  0.        ]\n",
      " [-0.6414725   0.04847687 -0.37730902  1.        ]]\n"
     ]
    },
    {
     "name": "stdout",
     "output_type": "stream",
     "text": [
      "Pose at time 8780936430\n",
      "[[ 0.5065848  -0.85811234 -0.08375466  0.        ]\n",
      " [-0.25573882 -0.05677986 -0.96507686  0.        ]\n",
      " [ 0.82338893  0.5103125  -0.24821639  0.        ]\n",
      " [-0.6415252   0.04850566 -0.37733594  1.        ]]\n",
      "Pose at time 8781154994\n",
      "[[ 0.50678086 -0.8579933  -0.08378863  0.        ]\n",
      " [-0.25576037 -0.05682158 -0.96506876  0.        ]\n",
      " [ 0.8232616   0.5105081  -0.24823666  0.        ]\n",
      " [-0.6415935   0.04853025 -0.37733454  1.        ]]\n",
      "Pose at time 8781374998\n",
      "[[ 0.5069872  -0.85787064 -0.08379731  0.        ]\n",
      " [-0.2557556  -0.05687904 -0.96506673  0.        ]\n",
      " [ 0.8231361   0.51070815 -0.24824214  0.        ]\n",
      " [-0.64163923  0.04858178 -0.37736     1.        ]]\n",
      "Pose at time 8781595004\n",
      "[[ 0.5072274  -0.85772634 -0.08382139  0.        ]\n",
      " [-0.25574005 -0.05692399 -0.96506846  0.        ]\n",
      " [ 0.82299304  0.5109458  -0.24822855  0.        ]\n",
      " [-0.64168483  0.04863331 -0.3773579   1.        ]]\n",
      "Pose at time 8781815006\n",
      "[[ 0.50752723 -0.85754263 -0.08388561  0.        ]\n",
      " [-0.25573826 -0.05695236 -0.96506715  0.        ]\n",
      " [ 0.8228087   0.51125073 -0.24821138  0.        ]\n",
      " [-0.64177895  0.04866922 -0.3773249   1.        ]]\n",
      "Pose at time 8782035009\n",
      "[[ 0.50777435 -0.8573915  -0.08393532  0.        ]\n",
      " [-0.2557077  -0.0569613  -0.9650748   0.        ]\n",
      " [ 0.82266575  0.5115032  -0.24816513  0.        ]\n",
      " [-0.6418325   0.04871973 -0.37733185  1.        ]]\n",
      "Pose at time 8782255014\n",
      "[[ 0.50805396 -0.85722196 -0.08397359  0.        ]\n",
      " [-0.25562188 -0.05695939 -0.9650973   0.        ]\n",
      " [ 0.8225196   0.51178694 -0.24806309  0.        ]\n",
      " [-0.64187723  0.04877678 -0.37731236  1.        ]]\n",
      "Pose at time 8782475017\n",
      "[[ 0.50839055 -0.8570136  -0.08406436  0.        ]\n",
      " [-0.2555407  -0.05692136 -0.9651213   0.        ]\n",
      " [ 0.822337    0.51214045 -0.24794018  0.        ]\n",
      " [-0.6419545   0.04881757 -0.37727633  1.        ]]\n",
      "Pose at time 8782695022\n",
      "[[ 0.5084701  -0.85696805 -0.08404604  0.        ]\n",
      " [-0.25551125 -0.05695033 -0.9651271   0.        ]\n",
      " [ 0.82229674  0.512213   -0.24792242  0.        ]\n",
      " [-0.6419996   0.04887757 -0.3773084   1.        ]]\n",
      "Pose at time 8782936440\n",
      "[[ 0.5085211  -0.8569335  -0.08409011  0.        ]\n",
      " [-0.255658   -0.05700934 -0.96508473  0.        ]\n",
      " [ 0.8222196   0.5122642  -0.24807227  0.        ]\n",
      " [-0.6420637   0.04889527 -0.37729952  1.        ]]\n",
      "Pose at time 8783155048\n",
      "[[ 0.50880075 -0.8567568  -0.08419985  0.        ]\n",
      " [-0.25583005 -0.05708838 -0.9650348   0.        ]\n",
      " [ 0.82199323  0.51255137 -0.24823081  0.        ]\n",
      " [-0.6421325   0.04891166 -0.37727487  1.        ]]\n",
      "Pose at time 8783375051\n",
      "[[ 0.50890744 -0.8566743  -0.0843944   0.        ]\n",
      " [-0.25601253 -0.05701935 -0.96499044  0.        ]\n",
      " [ 0.8218704   0.5126969  -0.24833703  0.        ]\n",
      " [-0.64215213  0.04895839 -0.37725884  1.        ]]\n",
      "Pose at time 8783595058\n",
      "[[ 0.50888306 -0.856668   -0.08460549  0.        ]\n",
      " [-0.25611416 -0.05683661 -0.9649743   0.        ]\n",
      " [ 0.82185376  0.51272774 -0.24832797  0.        ]\n",
      " [-0.6421679   0.04899371 -0.37723765  1.        ]]\n",
      "Pose at time 8783815060\n",
      "[[ 0.5089412  -0.8566178  -0.08476359  0.        ]\n",
      " [-0.25614464 -0.05669737 -0.9649743   0.        ]\n",
      " [ 0.8218083   0.5128269  -0.24827373  0.        ]\n",
      " [-0.6421899   0.04903078 -0.37723505  1.        ]]\n",
      "Pose at time 8787375108\n",
      "[[ 0.5094298  -0.8563477  -0.08455759  0.        ]\n",
      " [-0.25612223 -0.05708194 -0.96495765  0.        ]\n",
      " [ 0.82151246  0.5132354  -0.24840891  0.        ]\n",
      " [-0.6425538   0.04905123 -0.37726915  1.        ]]\n",
      "Pose at time 8787815116\n",
      "[[ 0.50940126 -0.85638607 -0.08434051  0.        ]\n",
      " [-0.25617874 -0.05735195 -0.9649266   0.        ]\n",
      " [ 0.8215125   0.51314104 -0.2486031   0.        ]\n",
      " [-0.64250135  0.04905373 -0.3773593   1.        ]]\n",
      "Pose at time 8788035122\n",
      "[[ 0.5093493  -0.8564189  -0.08432031  0.        ]\n",
      " [-0.25619584 -0.05736756 -0.964921    0.        ]\n",
      " [ 0.8215394   0.5130843  -0.248631    0.        ]\n",
      " [-0.64249045  0.04904941 -0.37734407  1.        ]]\n",
      "Pose at time 8788255123\n",
      "[[ 0.5093045  -0.8564409  -0.08436805  0.        ]\n",
      " [-0.25615025 -0.05727017 -0.964939    0.        ]\n",
      " [ 0.8215814   0.51305866 -0.24854541  0.        ]\n",
      " [-0.64249104  0.04905462 -0.37735868  1.        ]]\n",
      "Pose at time 8788475130\n",
      "[[ 0.5092494  -0.85646594 -0.08444634  0.        ]\n",
      " [-0.25606063 -0.05710721 -0.96497244  0.        ]\n",
      " [ 0.8216435   0.513035   -0.248389    0.        ]\n",
      " [-0.6424704   0.04904482 -0.37733406  1.        ]]\n",
      "Pose at time 8788695131\n",
      "[[ 0.5090742  -0.85656595 -0.08448949  0.        ]\n",
      " [-0.25594845 -0.05692911 -0.9650129   0.        ]\n",
      " [ 0.8217871   0.5128882  -0.24821782  0.        ]\n",
      " [-0.6424473   0.04904202 -0.3773039   1.        ]]\n",
      "Pose at time 8788936538\n",
      "[[ 0.5089126  -0.85666275 -0.08448097  0.        ]\n",
      " [-0.25577843 -0.0567776  -0.96506685  0.        ]\n",
      " [ 0.82194006  0.5127432  -0.24801064  0.        ]\n",
      " [-0.64242774  0.04904085 -0.3772685   1.        ]]\n",
      "Pose at time 8789155132\n",
      "[[ 0.5089603  -0.8566402  -0.08442095  0.        ]\n",
      " [-0.25557706 -0.05673552 -0.96512246  0.        ]\n",
      " [ 0.8219731   0.5127851  -0.2478137   0.        ]\n",
      " [-0.6424101   0.0490526  -0.37723798  1.        ]]\n",
      "Pose at time 8789375138\n",
      "[[ 0.509027   -0.8566129  -0.08429611  0.        ]\n",
      " [-0.25541732 -0.05679929 -0.9651611   0.        ]\n",
      " [ 0.8219815   0.5128237  -0.24770617  0.        ]\n",
      " [-0.6424231   0.04904777 -0.37721774  1.        ]]\n",
      "Pose at time 8794695324\n",
      "[[ 0.5076981  -0.8574604  -0.08369228  0.        ]\n",
      " [-0.2565407  -0.0577265  -0.96480805  0.        ]\n",
      " [ 0.8224534   0.5113017  -0.24928117  0.        ]\n",
      " [-0.6426301   0.04875493 -0.37728256  1.        ]]\n",
      "Pose at time 8794936629\n",
      "[[ 0.5076196  -0.8575132  -0.08362746  0.        ]\n",
      " [-0.25648975 -0.05774128 -0.96482086  0.        ]\n",
      " [ 0.82251775  0.51121163 -0.24925399  0.        ]\n",
      " [-0.6425999   0.04877353 -0.37730092  1.        ]]\n",
      "Pose at time 8795155219\n",
      "[[ 0.5076676  -0.8574935  -0.08353773  0.        ]\n",
      " [-0.25637665 -0.05778801 -0.964848    0.        ]\n",
      " [ 0.82252336  0.51123923 -0.24917841  0.        ]\n",
      " [-0.64258486  0.04878062 -0.3772694   1.        ]]\n",
      "Pose at time 8795375225\n",
      "[[ 0.50789636 -0.8573624  -0.08349299  0.        ]\n",
      " [-0.2561928  -0.0578022  -0.964896    0.        ]\n",
      " [ 0.82243943  0.5114575  -0.24900758  0.        ]\n",
      " [-0.642566    0.04881659 -0.37723148  1.        ]]\n",
      "Pose at time 8795595226\n",
      "[[ 0.50826645 -0.85713714 -0.08355391  0.        ]\n",
      " [-0.25595158 -0.05770957 -0.9649656   0.        ]\n",
      " [ 0.8222859   0.51184547 -0.24871755  0.        ]\n",
      " [-0.6425549   0.04885206 -0.37720186  1.        ]]\n",
      "Pose at time 8795815232\n",
      "[[ 0.5083804  -0.85707724 -0.08347592  0.        ]\n",
      " [-0.2558278  -0.05775928 -0.9649955   0.        ]\n",
      " [ 0.82225406  0.51194036 -0.2486279   0.        ]\n",
      " [-0.6425432   0.04888135 -0.37719208  1.        ]]\n",
      "Pose at time 8796035234\n",
      "[[ 0.5084534  -0.8570407  -0.08340386  0.        ]\n",
      " [-0.25586456 -0.05788779 -0.9649777   0.        ]\n",
      " [ 0.8221972   0.5119862  -0.24871957  0.        ]\n",
      " [-0.6425614   0.04889756 -0.37720945  1.        ]]\n",
      "Pose at time 8796255237\n",
      "[[ 0.50847524 -0.8570263  -0.08342001  0.        ]\n",
      " [-0.25614148 -0.05804968 -0.9648948   0.        ]\n",
      " [ 0.82209766  0.51199245 -0.24903679  0.        ]\n",
      " [-0.64263445  0.04887965 -0.3772464   1.        ]]\n",
      "Pose at time 8796475242\n",
      "[[ 0.5083163  -0.8571012  -0.08361933  0.        ]\n",
      " [-0.25687325 -0.05822682 -0.9646896   0.        ]\n",
      " [ 0.8219676   0.511847   -0.24976408  0.        ]\n",
      " [-0.64279586  0.04888016 -0.37729686  1.        ]]\n",
      "Pose at time 8796695245\n",
      "[[ 0.5081693  -0.857154   -0.08397025  0.        ]\n",
      " [-0.25803474 -0.0585047  -0.9643626   0.        ]\n",
      " [ 0.8216946   0.51172674 -0.25090575  0.        ]\n",
      " [-0.6430553   0.04892194 -0.3773225   1.        ]]\n",
      "Pose at time 8796936681\n",
      "[[ 0.5084751  -0.8569112  -0.08459446  0.        ]\n",
      " [-0.25952533 -0.0588367  -0.96394217  0.        ]\n",
      " [ 0.8210356   0.512095   -0.25230718  0.        ]\n",
      " [-0.6433964   0.04904482 -0.37733895  1.        ]]\n",
      "Pose at time 8801814540\n",
      "[[ 0.5177195  -0.8505589  -0.0922834   0.        ]\n",
      " [-0.24280545 -0.04264259 -0.96913755  0.        ]\n",
      " [ 0.8203732   0.52414846 -0.22859728  0.        ]\n",
      " [-0.6432339   0.05205581 -0.37109426  1.        ]]\n",
      "Pose at time 8802034544\n",
      "[[ 0.51740754 -0.85072255 -0.09252417  0.        ]\n",
      " [-0.24347958 -0.04269958 -0.96896577  0.        ]\n",
      " [ 0.8203702   0.523878   -0.22922671  0.        ]\n",
      " [-0.6433581   0.05197632 -0.37122902  1.        ]]\n",
      "Pose at time 8802254552\n",
      "[[ 0.5172639  -0.85079104 -0.09269708  0.        ]\n",
      " [-0.24390632 -0.04272938 -0.96885717  0.        ]\n",
      " [ 0.820334    0.52376425 -0.22961569  0.        ]\n",
      " [-0.6434687   0.05194846 -0.37133121  1.        ]]\n",
      "Pose at time 8802474552\n",
      "[[ 0.5172435  -0.85079503 -0.09277332  0.        ]\n",
      " [-0.2441015  -0.04276061 -0.96880645  0.        ]\n",
      " [ 0.8202887   0.523755   -0.22979796  0.        ]\n",
      " [-0.64361525  0.05194718 -0.37142792  1.        ]]\n"
     ]
    },
    {
     "name": "stdout",
     "output_type": "stream",
     "text": [
      "Pose at time 8802694556\n",
      "[[ 0.5172721  -0.8507812  -0.09274036  0.        ]\n",
      " [-0.24420416 -0.04287267 -0.9687755   0.        ]\n",
      " [ 0.8202401   0.52376807 -0.22994113  0.        ]\n",
      " [-0.64379466  0.05193967 -0.37153637  1.        ]]\n",
      "Pose at time 8802935920\n",
      "[[ 0.517406   -0.8507035  -0.09270692  0.        ]\n",
      " [-0.24435213 -0.04304814 -0.96873045  0.        ]\n",
      " [ 0.8201116   0.5238801  -0.2301445   0.        ]\n",
      " [-0.6440247   0.05197057 -0.3716486   1.        ]]\n",
      "Pose at time 8803154525\n",
      "[[ 0.5176666  -0.8505416  -0.09273875  0.        ]\n",
      " [-0.24458933 -0.04324698 -0.968662    0.        ]\n",
      " [ 0.81987655  0.524127   -0.23042107  0.        ]\n",
      " [-0.644241    0.05203369 -0.37175846  1.        ]]\n",
      "Pose at time 8803374531\n",
      "[[ 0.51813865 -0.8502399  -0.09286821  0.        ]\n",
      " [-0.24492314 -0.04346406 -0.9685677   0.        ]\n",
      " [ 0.81947845  0.5245979  -0.2307638   0.        ]\n",
      " [-0.6445217   0.05211142 -0.3719051   1.        ]]\n",
      "Pose at time 8803594532\n",
      "[[ 0.5187427  -0.8498455  -0.09310561  0.        ]\n",
      " [-0.24533153 -0.04364944 -0.9684561   0.        ]\n",
      " [ 0.818974    0.5252213  -0.23113668  0.        ]\n",
      " [-0.64479107  0.05221191 -0.37204403  1.        ]]\n",
      "Pose at time 8803814538\n",
      "[[ 0.5193742  -0.84943724 -0.09331104  0.        ]\n",
      " [-0.24578056 -0.04390705 -0.96833074  0.        ]\n",
      " [ 0.8184391   0.5258601  -0.2315793   0.        ]\n",
      " [-0.6450821   0.05235359 -0.37219548  1.        ]]\n",
      "Pose at time 8806694540\n",
      "[[ 0.5209296  -0.8488362  -0.09005302  0.        ]\n",
      " [-0.24230143 -0.04588664 -0.9691154   0.        ]\n",
      " [ 0.81848794  0.5266608  -0.2295779   0.        ]\n",
      " [-0.6440578   0.05218899 -0.37290725  1.        ]]\n",
      "Pose at time 8806936707\n",
      "[[ 0.5196541  -0.84958935 -0.09031937  0.        ]\n",
      " [-0.24332216 -0.04582953 -0.96886224  0.        ]\n",
      " [ 0.8189957   0.52544993 -0.23053944  0.        ]\n",
      " [-0.64385     0.05194184 -0.3731214   1.        ]]\n",
      "Pose at time 8807155278\n",
      "[[ 0.51851636 -0.85024667 -0.09067187  0.        ]\n",
      " [-0.24446642 -0.0457952  -0.96857566  0.        ]\n",
      " [ 0.819376    0.5243885  -0.23160231  0.        ]\n",
      " [-0.64370686  0.05172211 -0.3733342   1.        ]]\n",
      "Pose at time 8807375279\n",
      "[[ 0.5173531  -0.8509232  -0.09096956  0.        ]\n",
      " [-0.24568    -0.04585683 -0.9682657   0.        ]\n",
      " [ 0.81974816  0.52328473 -0.23277903  0.        ]\n",
      " [-0.64358586  0.05148295 -0.37358776  1.        ]]\n",
      "Pose at time 8807595282\n",
      "[[ 0.5162434  -0.8515785  -0.09114212  0.        ]\n",
      " [-0.24681416 -0.04602444 -0.9679693   0.        ]\n",
      " [ 0.82010704  0.52220297 -0.23394144  0.        ]\n",
      " [-0.6435348   0.05125025 -0.3738184   1.        ]]\n",
      "Pose at time 8807815286\n",
      "[[ 0.51542234 -0.8520705  -0.09119034  0.        ]\n",
      " [-0.24763256 -0.04622364 -0.9677507   0.        ]\n",
      " [ 0.8203767   0.52138203 -0.23482513  0.        ]\n",
      " [-0.6434873   0.05105618 -0.37398726  1.        ]]\n",
      "Pose at time 8808035289\n",
      "[[ 0.514791   -0.852476   -0.09096643  0.        ]\n",
      " [-0.24801314 -0.04651427 -0.9676393   0.        ]\n",
      " [ 0.8206581   0.52069294 -0.2353704   0.        ]\n",
      " [-0.6434419   0.05092105 -0.374145    1.        ]]\n",
      "Pose at time 8808255294\n",
      "[[ 0.5145067  -0.85268885 -0.09057853  0.        ]\n",
      " [-0.2480281  -0.04687119 -0.9676182   0.        ]\n",
      " [ 0.8208318   0.5203121  -0.23560643  0.        ]\n",
      " [-0.64343524  0.05081397 -0.37426218  1.        ]]\n",
      "Pose at time 8808475301\n",
      "[[ 0.5142177  -0.85291934 -0.09004897  0.        ]\n",
      " [-0.24793008 -0.04731596 -0.96762174  0.        ]\n",
      " [ 0.82104254  0.51989406 -0.23579502  0.        ]\n",
      " [-0.64345664  0.05071551 -0.37436676  1.        ]]\n",
      "Pose at time 8808695303\n",
      "[[ 0.5139954  -0.8531089  -0.08952051  0.        ]\n",
      " [-0.24782923 -0.04777896 -0.9676248   0.        ]\n",
      " [ 0.8212121   0.5195404  -0.23598337  0.        ]\n",
      " [-0.6435289   0.05063051 -0.3744526   1.        ]]\n",
      "Pose at time 8812936490\n",
      "[[ 0.5217268  -0.84851813 -0.08841988  0.        ]\n",
      " [-0.25221178 -0.05439997 -0.96614164  0.        ]\n",
      " [ 0.8149787   0.5263625  -0.24238813  0.        ]\n",
      " [-0.6464199   0.05172667 -0.37633777  1.        ]]\n",
      "Pose at time 8813155094\n",
      "[[ 0.5219012  -0.84841895 -0.08834282  0.        ]\n",
      " [-0.25174356 -0.05424452 -0.9662727   0.        ]\n",
      " [ 0.81501186  0.5265386  -0.24189436  0.        ]\n",
      " [-0.64623433  0.051792   -0.37619343  1.        ]]\n",
      "Pose at time 8813375097\n",
      "[[ 0.5219082  -0.8484237  -0.08825487  0.        ]\n",
      " [-0.25118208 -0.05398428 -0.96643317  0.        ]\n",
      " [ 0.81518054  0.52655745 -0.24128366  0.        ]\n",
      " [-0.64602125  0.05182171 -0.37600937  1.        ]]\n",
      "Pose at time 8813595102\n",
      "[[ 0.52169585 -0.84856236 -0.08817843  0.        ]\n",
      " [-0.25057232 -0.05360615 -0.96661264  0.        ]\n",
      " [ 0.8155042   0.52637285 -0.24059236  0.        ]\n",
      " [-0.64576405  0.05180526 -0.37578598  1.        ]]\n",
      "Pose at time 8813815108\n",
      "[[ 0.5213202  -0.84880066 -0.08810523  0.        ]\n",
      " [-0.24993527 -0.05315256 -0.9668025   0.        ]\n",
      " [ 0.81593966  0.52603424 -0.2398547   0.        ]\n",
      " [-0.64548516  0.05175471 -0.3755362   1.        ]]\n",
      "Pose at time 8814035109\n",
      "[[ 0.5207373  -0.8491645  -0.0880467   0.        ]\n",
      " [-0.24926797 -0.05259442 -0.967005    0.        ]\n",
      " [ 0.8165157   0.5255027  -0.2390573   0.        ]\n",
      " [-0.6451709   0.05167347 -0.37532496  1.        ]]\n",
      "Pose at time 8814255115\n",
      "[[ 0.51996076 -0.84964204 -0.0880298   0.        ]\n",
      " [-0.24863157 -0.05194652 -0.96720433  0.        ]\n",
      " [ 0.81720454  0.5247953  -0.238258    0.        ]\n",
      " [-0.6448653   0.05154559 -0.37507078  1.        ]]\n",
      "Pose at time 8814475117\n",
      "[[ 0.51905143 -0.8502003  -0.08800435  0.        ]\n",
      " [-0.24805519 -0.05130422 -0.9673861   0.        ]\n",
      " [ 0.8179572   0.52395296 -0.23752606  0.        ]\n",
      " [-0.6445793   0.05141968 -0.37482232  1.        ]]\n",
      "Pose at time 8814695121\n",
      "[[ 0.51816195 -0.8507483  -0.08795097  0.        ]\n",
      " [-0.24745306 -0.05068684 -0.9675731   0.        ]\n",
      " [ 0.8187033   0.5231233  -0.23678422  0.        ]\n",
      " [-0.6443061   0.05127391 -0.37460417  1.        ]]\n",
      "Pose at time 8814936977\n",
      "[[ 0.5172554  -0.85131055 -0.08784744  0.        ]\n",
      " [-0.24672574 -0.05004299 -0.9677924   0.        ]\n",
      " [ 0.8194957   0.5222701  -0.2359252   0.        ]\n",
      " [-0.64401215  0.05112085 -0.37433606  1.        ]]\n",
      "Pose at time 8815155569\n",
      "[[ 0.51653105 -0.85177004 -0.0876556   0.        ]\n",
      " [-0.24602589 -0.04957902 -0.9679945   0.        ]\n",
      " [ 0.82016283  0.5215648  -0.23516655  0.        ]\n",
      " [-0.6437715   0.05099386 -0.37412685  1.        ]]\n",
      "Pose at time 8819154838\n",
      "[[ 0.5163301  -0.8518859  -0.08771339  0.        ]\n",
      " [-0.25050414 -0.05229592 -0.96670204  0.        ]\n",
      " [ 0.8189328   0.52111    -0.24040294  0.        ]\n",
      " [-0.64554775  0.05072075 -0.3758566   1.        ]]\n",
      "Pose at time 8819374842\n",
      "[[ 0.5167595  -0.85162574 -0.0877116   0.        ]\n",
      " [-0.25095206 -0.05272639 -0.96656257  0.        ]\n",
      " [ 0.8185247   0.5214918  -0.24096417  0.        ]\n",
      " [-0.64567083  0.05075547 -0.37605047  1.        ]]\n",
      "Pose at time 8819594845\n",
      "[[ 0.51714915 -0.8514     -0.08760548  0.        ]\n",
      " [-0.25139678 -0.05326068 -0.96641755  0.        ]\n",
      " [ 0.81814206  0.52180576 -0.24158299  0.        ]\n",
      " [-0.64580417  0.0507744  -0.37623394  1.        ]]\n",
      "Pose at time 8819814852\n",
