{
 "cells": [
  {
   "cell_type": "code",
   "execution_count": 4,
   "id": "c46392bc",
   "metadata": {},
   "outputs": [
    {
     "name": "stdout",
     "output_type": "stream",
     "text": [
      "Pose at time 29186582378\n",
      "[[-0.2937837  -0.01180556  0.9558015   0.        ]\n",
      " [ 0.03215258  0.99923754  0.02222514  0.        ]\n",
      " [-0.9553323   0.03726071 -0.29318082  0.        ]\n",
      " [-0.27265108 -0.1725254  -0.63517565  1.        ]]\n",
      "Focal length: [397.67438 397.47852]\n",
      "Principal point: [245.57632 132.89662]\n",
      "Pose at time 29186915573\n",
      "[[-0.2937745  -0.01182528  0.95580375  0.        ]\n",
      " [ 0.0322929   0.99923164  0.0222884   0.        ]\n",
      " [-0.95533013  0.03741328 -0.29316795  0.        ]\n",
      " [-0.2726427  -0.17252992 -0.63518715  1.        ]]\n",
      "Focal length: [397.67438 397.47852]\n",
      "Principal point: [245.57632 132.89662]\n",
      "Pose at time 29187248769\n",
      "[[-0.2937756  -0.01176875  0.9558039   0.        ]\n",
      " [ 0.03207988  0.9992412   0.02216399  0.        ]\n",
      " [-0.9553371   0.03717305 -0.29317573  0.        ]\n",
      " [-0.27266246 -0.17251831 -0.63518536  1.        ]]\n",
      "Focal length: [397.67438 397.47852]\n",
      "Principal point: [245.57632 132.89662]\n",
      "Pose at time 29187581965\n",
      "[[-0.29379964 -0.01181885  0.95579594  0.        ]\n",
      " [ 0.0322231   0.9992345   0.02226128  0.        ]\n",
      " [-0.9553247   0.037339   -0.29319438  0.        ]\n",
      " [-0.2726527  -0.17253204 -0.6351792   1.        ]]\n",
      "Focal length: [397.67438 397.47852]\n",
      "Principal point: [245.57632 132.89662]\n",
      "Pose at time 29187915161\n",
      "[[-0.293796   -0.01178989  0.95579743  0.        ]\n",
      " [ 0.03220275  0.999236    0.02222456  0.        ]\n",
      " [-0.9553268   0.03730863 -0.29319233  0.        ]\n",
      " [-0.27265972 -0.17253073 -0.6351695   1.        ]]\n",
      "Focal length: [397.67438 397.47852]\n",
      "Principal point: [245.57632 132.89662]\n",
      "Pose at time 29188248357\n",
      "[[-0.29379192 -0.01177827  0.9557991   0.        ]\n",
      " [ 0.03211698  0.9992393   0.02218596  0.        ]\n",
      " [-0.9553308   0.03721529 -0.29319072  0.        ]\n",
      " [-0.2726628  -0.17252205 -0.63517267  1.        ]]\n",
      "Focal length: [397.67438 397.47852]\n",
      "Principal point: [245.57632 132.89662]\n",
      "Pose at time 29188581552\n",
      "[[-0.2937902  -0.01178143  0.955799    0.        ]\n",
      " [ 0.0323066   0.99923193  0.02224736  0.        ]\n",
      " [-0.9553249   0.03741448 -0.29318452  0.        ]\n",
      " [-0.27264625 -0.17253692 -0.6351669   1.        ]]\n",
      "Focal length: [397.67438 397.47852]\n",
      "Principal point: [245.57632 132.89662]\n",
      "Pose at time 29188914748\n",
      "[[-0.29377326 -0.01180772  0.95580447  0.        ]\n",
      " [ 0.03213838  0.999238    0.02222259  0.        ]\n",
      " [-0.95533574  0.03724623 -0.2931704   0.        ]\n",
      " [-0.27266383 -0.17252305 -0.63517284  1.        ]]\n",
      "Focal length: [397.67438 397.47852]\n",
      "Principal point: [245.57632 132.89662]\n",
      "Pose at time 29189247944\n",
      "[[-0.29378903 -0.01174774  0.9558004   0.        ]\n",
      " [ 0.03213853  0.99923944  0.02216063  0.        ]\n",
      " [-0.9553311   0.03722834 -0.29318848  0.        ]\n",
      " [-0.2726596  -0.17253007 -0.63518834  1.        ]]\n",
      "Focal length: [397.67438 397.47852]\n",
      "Principal point: [245.57632 132.89662]\n",
      "Pose at time 29189581140\n",
      "[[-0.29377696 -0.01183133  0.95580316  0.        ]\n",
      " [ 0.03226133  0.9992326   0.02228523  0.        ]\n",
      " [-0.9553307   0.0373821  -0.29317033  0.        ]\n",
      " [-0.27263772 -0.17254171 -0.6351822   1.        ]]\n",
      "Focal length: [397.67438 397.47852]\n",
      "Principal point: [245.57632 132.89662]\n",
      "Pose at time 29189914335\n",
      "[[-0.2937921  -0.01175115  0.95579916  0.        ]\n",
      " [ 0.03215159  0.9992387   0.02216832  0.        ]\n",
      " [-0.9553298   0.03724311 -0.2931913   0.        ]\n",
      " [-0.27264807 -0.17252965 -0.6352025   1.        ]]\n",
      "Focal length: [397.67438 397.47852]\n",
      "Principal point: [245.57632 132.89662]\n",
      "Pose at time 29190247531\n",
      "[[-0.29378894 -0.01178806  0.9558002   0.        ]\n",
      " [ 0.03218516  0.9992366   0.02221703  0.        ]\n",
      " [-0.9553299   0.03728949 -0.2931855   0.        ]\n",
      " [-0.27264997 -0.17252547 -0.6351945   1.        ]]\n",
      "Focal length: [397.67438 397.47852]\n",
      "Principal point: [245.57632 132.89662]\n",
      "Pose at time 29190580727\n",
      "[[-0.2937859  -0.0117792   0.95580065  0.        ]\n",
      " [ 0.0321875   0.99923664  0.02220837  0.        ]\n",
      " [-0.95533055  0.03728907 -0.2931831   0.        ]\n",
      " [-0.27263734 -0.17252967 -0.6352004   1.        ]]\n",
      "Focal length: [397.67438 397.47852]\n",
      "Principal point: [245.57632 132.89662]\n",
      "Pose at time 29190913923\n",
      "[[-0.2937833  -0.01179703  0.95580184  0.        ]\n",
      " [ 0.0321755   0.99923694  0.02222323  0.        ]\n",
      " [-0.9553318   0.03728199 -0.29318017  0.        ]\n",
      " [-0.27263856 -0.1725306  -0.6351982   1.        ]]\n",
      "Focal length: [397.67438 397.47852]\n",
      "Principal point: [245.57632 132.89662]\n",
      "Pose at time 29191247118\n",
      "[[-0.29378986 -0.01180976  0.955799    0.        ]\n",
      " [ 0.03219195  0.999236    0.02224179  0.        ]\n",
      " [-0.95532894  0.03730333 -0.2931857   0.        ]\n",
      " [-0.27264294 -0.17253022 -0.6352024   1.        ]]\n",
      "Focal length: [397.67438 397.47852]\n",
      "Principal point: [245.57632 132.89662]\n",
      "Pose at time 29191580314\n",
      "[[-0.2937979  -0.01178248  0.9557974   0.        ]\n",
      " [ 0.03213676  0.99923855  0.02219682  0.        ]\n",
      " [-0.9553285   0.03723724 -0.29319614  0.        ]\n",
      " [-0.27264798 -0.17252384 -0.6352073   1.        ]]\n",
      "Focal length: [397.67438 397.47852]\n",
      "Principal point: [245.57632 132.89662]\n",
      "Pose at time 29191913510\n",
      "[[-0.2937823  -0.01180955  0.9558019   0.        ]\n",
      " [ 0.03218371  0.9992363   0.0222388   0.        ]\n",
      " [-0.9553317   0.03729441 -0.29317823  0.        ]\n",
      " [-0.27262804 -0.17252299 -0.63520133  1.        ]]\n",
      "Focal length: [397.67438 397.47852]\n",
      "Principal point: [245.57632 132.89662]\n",
      "Pose at time 29192246706\n",
      "[[-0.29380372 -0.01177966  0.95579565  0.        ]\n",
      " [ 0.03219497  0.9992365   0.02221189  0.        ]\n",
      " [-0.95532465  0.03729751 -0.2932007   0.        ]\n",
      " [-0.2726308  -0.17252386 -0.6351966   1.        ]]\n",
      "Focal length: [397.67438 397.47852]\n",
      "Principal point: [245.57632 132.89662]\n",
      "Pose at time 29192579902\n",
      "[[-0.29380378 -0.01183793  0.95579445  0.        ]\n",
      " [ 0.03210386  0.99923855  0.02224476  0.        ]\n",
      " [-0.95532763  0.03722011 -0.29320064  0.        ]\n",
      " [-0.27263644 -0.17252013 -0.6351966   1.        ]]\n",
      "Focal length: [397.67438 397.47852]\n",
      "Principal point: [245.57632 132.89662]\n",
      "Pose at time 29192913097\n",
      "[[-0.293817   -0.01175358  0.9557919   0.        ]\n",
      " [ 0.03217473  0.99923766  0.022179    0.        ]\n",
      " [-0.9553213   0.03726855 -0.2932154   0.        ]\n",
      " [-0.27262866 -0.17252317 -0.63519436  1.        ]]\n",
      "Focal length: [397.67438 397.47852]\n",
      "Principal point: [245.57632 132.89662]\n",
      "Pose at time 29193246293\n",
      "[[-0.29381764 -0.01181214  0.955791    0.        ]\n",
      " [ 0.03219857  0.9992356   0.02224751  0.        ]\n",
      " [-0.9553203   0.03731165 -0.29321343  0.        ]\n",
      " [-0.2726312  -0.17252883 -0.63519454  1.        ]]\n",
      "Focal length: [397.67438 397.47852]\n",
      "Principal point: [245.57632 132.89662]\n",
      "Pose at time 29193579489\n",
      "[[-0.29381534 -0.01180267  0.9557914   0.        ]\n",
      " [ 0.03209233  0.99923986  0.02220483  0.        ]\n",
      " [-0.9553244   0.03719758 -0.29321375  0.        ]\n",
      " [-0.27263805 -0.17252547 -0.63519263  1.        ]]\n",
      "Focal length: [397.67438 397.47852]\n",
      "Principal point: [245.57632 132.89662]\n",
      "Pose at time 29193912685\n",
      "[[-0.2938336  -0.01183473  0.9557859   0.        ]\n",
      " [ 0.0322079   0.9992345   0.02227465  0.        ]\n",
      " [-0.9553151   0.03732879 -0.29322812  0.        ]\n",
      " [-0.2726294  -0.17252228 -0.63520765  1.        ]]\n",
      "Focal length: [397.67438 397.47852]\n",
      "Principal point: [245.57632 132.89662]\n",
      "Pose at time 29194245880\n",
      "[[-0.2938423  -0.01179465  0.95578325  0.        ]\n",
      " [ 0.03218074  0.99923646  0.02222469  0.        ]\n",
      " [-0.95531327  0.03728817 -0.293239    0.        ]\n",
      " [-0.27264547 -0.17252061 -0.63521343  1.        ]]\n",
      "Focal length: [397.67438 397.47852]\n",
      "Principal point: [245.57632 132.89662]\n",
      "Pose at time 29194579076\n",
      "[[-0.2938458  -0.01184442  0.955782    0.        ]\n",
      " [ 0.03205444  0.99924046  0.02223824  0.        ]\n",
      " [-0.9553168   0.03717132 -0.2932435   0.        ]\n",
      " [-0.27266127 -0.17251894 -0.63522625  1.        ]]\n",
      "Focal length: [397.67438 397.47852]\n",
      "Principal point: [245.57632 132.89662]\n",
      "Pose at time 29194912272\n",
      "[[-0.29384485 -0.0118112   0.9557822   0.        ]\n",
      " [ 0.03226626  0.99923265  0.02226835  0.        ]\n",
      " [-0.9553094   0.03738285 -0.29323864  0.        ]\n",
      " [-0.27264392 -0.17252313 -0.6352219   1.        ]]\n",
      "Focal length: [397.67438 397.47852]\n",
      "Principal point: [245.57632 132.89662]\n",
      "Pose at time 29195245468\n",
      "[[-0.2938283  -0.01180991  0.95578736  0.        ]\n",
      " [ 0.03215756  0.9992368   0.02223295  0.        ]\n",
      " [-0.9553182   0.03726837 -0.29322514  0.        ]\n",
      " [-0.27265406 -0.17251933 -0.6352243   1.        ]]\n",
      "Focal length: [397.67438 397.47852]\n",
      "Principal point: [245.57632 132.89662]\n",
      "Pose at time 29195578664\n",
      "[[-0.29383558 -0.0118137   0.95578504  0.        ]\n",
      " [ 0.03215167  0.99923724  0.0222355   0.        ]\n",
      " [-0.95531636  0.0372635  -0.2932325   0.        ]\n",
      " [-0.2726662  -0.17251779 -0.63522494  1.        ]]\n",
      "Focal length: [397.67438 397.47852]\n",
      "Principal point: [245.57632 132.89662]\n",
      "Pose at time 29195911860\n",
      "[[-0.29384083 -0.01180632  0.9557839   0.        ]\n",
      " [ 0.03223526  0.9992343   0.02225362  0.        ]\n",
      " [-0.9553119   0.03734878 -0.29323593  0.        ]\n",
      " [-0.27265626 -0.17251657 -0.6352076   1.        ]]\n",
      "Focal length: [397.67438 397.47852]\n",
      "Principal point: [245.57632 132.89662]\n",
      "Pose at time 29196245055\n",
      "[[-0.29382974 -0.01179961  0.9557874   0.        ]\n",
      " [ 0.03218261  0.9992365   0.02223003  0.        ]\n",
      " [-0.95531714  0.03729136 -0.29322582  0.        ]\n",
      " [-0.2726574  -0.17251067 -0.63520765  1.        ]]\n",
      "Focal length: [397.67438 397.47852]\n",
      "Principal point: [245.57632 132.89662]\n",
      "Pose at time 29196578251\n",
      "[[-0.29384172 -0.01179774  0.9557836   0.        ]\n",
      " [ 0.03215745  0.9992374   0.02222075  0.        ]\n",
      " [-0.9553141   0.03726489 -0.29323888  0.        ]\n",
      " [-0.27267176 -0.17251207 -0.63520896  1.        ]]\n",
      "Focal length: [397.67438 397.47852]\n",
      "Principal point: [245.57632 132.89662]\n",
      "Pose at time 29196911446\n",
      "[[-0.29383937 -0.01181807  0.9557841   0.        ]\n",
      " [ 0.03221713  0.99923456  0.0222603   0.        ]\n",
      " [-0.9553131   0.03733337 -0.29323444  0.        ]\n",
      " [-0.2726496  -0.17251673 -0.6352085   1.        ]]\n",
      "Focal length: [397.67438 397.47852]\n",
      "Principal point: [245.57632 132.89662]\n",
      "Pose at time 29197244642\n",
      "[[-0.2938414  -0.01179443  0.9557841   0.        ]\n",
      " [ 0.03224254  0.9992342   0.02224348  0.        ]\n",
      " [-0.95531154  0.03735278 -0.29323658  0.        ]\n",
      " [-0.27264407 -0.17251922 -0.63521826  1.        ]]\n",
      "Focal length: [397.67438 397.47852]\n",
      "Principal point: [245.57632 132.89662]\n"
     ]
    },
    {
     "name": "stdout",
     "output_type": "stream",
     "text": [
      "Pose at time 29197577838\n",
      "[[-0.2938318  -0.01183257  0.9557861   0.        ]\n",
      " [ 0.0321039   0.99923855  0.02224044  0.        ]\n",
      " [-0.9553193   0.03721913 -0.2932289   0.        ]\n",
      " [-0.2726519  -0.17250814 -0.6352151   1.        ]]\n",
      "Focal length: [397.67438 397.47852]\n",
      "Principal point: [245.57632 132.89662]\n",
      "Pose at time 29197911034\n",
      "[[-0.29382372 -0.01179931  0.9557893   0.        ]\n",
      " [ 0.032205    0.9992354   0.02223637  0.        ]\n",
      " [-0.9553182   0.03731455 -0.2932199   0.        ]\n",
      " [-0.27264994 -0.17250593 -0.6352314   1.        ]]\n",
      "Focal length: [397.67438 397.47852]\n",
      "Principal point: [245.57632 132.89662]\n",
      "Pose at time 29198244230\n",
      "[[-0.2938059  -0.01180753  0.9557941   0.        ]\n",
      " [ 0.03221685  0.9992344   0.02224782  0.        ]\n",
      " [-0.9553231   0.03732894 -0.29320148  0.        ]\n",
      " [-0.27263883 -0.17251623 -0.63521564  1.        ]]\n",
      "Focal length: [397.67438 397.47852]\n",
      "Principal point: [245.57632 132.89662]\n",
      "Pose at time 29198577426\n",
      "[[-0.29381192 -0.01183426  0.9557927   0.        ]\n",
      " [ 0.03218352  0.99923563  0.02226585  0.        ]\n",
      " [-0.9553225   0.03730261 -0.2932071   0.        ]\n",
      " [-0.27263626 -0.17250992 -0.6352175   1.        ]]\n",
      "Focal length: [397.67438 397.47852]\n",
      "Principal point: [245.57632 132.89662]\n",
      "Pose at time 29198910621\n",
      "[[-0.29383087 -0.01173872  0.9557876   0.        ]\n",
      " [ 0.03221224  0.9992367   0.02217542  0.        ]\n",
      " [-0.9553157   0.03730373 -0.2932292   0.        ]\n",
      " [-0.27263725 -0.17250915 -0.6352249   1.        ]]\n",
      "Focal length: [397.67438 397.47852]\n",
      "Principal point: [245.57632 132.89662]\n",
      "Pose at time 29199243817\n",
      "[[-0.2938171  -0.01182134  0.9557911   0.        ]\n",
      " [ 0.03218474  0.99923575  0.02225281  0.        ]\n",
      " [-0.95532095  0.03730003 -0.2932129   0.        ]\n",
      " [-0.27263325 -0.17250179 -0.6352139   1.        ]]\n",
      "Focal length: [397.67438 397.47852]\n",
      "Principal point: [245.57632 132.89662]\n",
      "Pose at time 29199577013\n",
      "[[-0.29382947 -0.01174573  0.955788    0.        ]\n",
      " [ 0.03218246  0.99923766  0.0221736   0.        ]\n",
      " [-0.95531726  0.03727473 -0.29322776  0.        ]\n",
      " [-0.27262735 -0.17250496 -0.6352182   1.        ]]\n",
      "Focal length: [397.67438 397.47852]\n",
      "Principal point: [245.57632 132.89662]\n",
      "Pose at time 29199910208\n",
      "[[-0.29382735 -0.01181318  0.95578814  0.        ]\n",
      " [ 0.03221376  0.99923486  0.02225366  0.        ]\n",
      " [-0.9553167   0.03732807 -0.29322222  0.        ]\n",
      " [-0.27262396 -0.17250401 -0.6352034   1.        ]]\n",
      "Focal length: [397.67438 397.47852]\n",
      "Principal point: [245.57632 132.89662]\n",
      "Pose at time 29200243404\n",
      "[[-0.2938278  -0.01175041  0.9557886   0.        ]\n",
      " [ 0.03223279  0.99923533  0.0221939   0.        ]\n",
      " [-0.95531577  0.03732876 -0.29322526  0.        ]\n",
      " [-0.27261496 -0.17250402 -0.63521373  1.        ]]\n",
      "Focal length: [397.67438 397.47852]\n",
      "Principal point: [245.57632 132.89662]\n",
      "Pose at time 29200576600\n",
      "[[-0.2938271  -0.01175121  0.9557884   0.        ]\n",
      " [ 0.03218571  0.99923706  0.02218019  0.        ]\n",
      " [-0.95531774  0.03727973 -0.2932254   0.        ]\n",
      " [-0.27261922 -0.17250012 -0.6352091   1.        ]]\n",
      "Focal length: [397.67438 397.47852]\n",
      "Principal point: [245.57632 132.89662]\n",
      "Pose at time 29200909795\n",
      "[[-0.29382384 -0.0117356   0.9557897   0.        ]\n",
      " [ 0.03219081  0.9992376   0.02216539  0.        ]\n",
      " [-0.95531845  0.03728023 -0.2932228   0.        ]\n",
      " [-0.27260828 -0.17250079 -0.6352032   1.        ]]\n",
      "Focal length: [397.67438 397.47852]\n",
      "Principal point: [245.57632 132.89662]\n",
      "Pose at time 29201242991\n",
      "[[-0.2938365  -0.0117381   0.955786    0.        ]\n",
      " [ 0.03221088  0.99923676  0.02217465  0.        ]\n",
      " [-0.9553139   0.03730225 -0.29323462  0.        ]\n",
      " [-0.27260807 -0.17250729 -0.6351939   1.        ]]\n",
      "Focal length: [397.67438 397.47852]\n",
      "Principal point: [245.57632 132.89662]\n",
      "Pose at time 29201576187\n",
      "[[-0.29383373 -0.01176039  0.95578635  0.        ]\n",
      " [ 0.03217715  0.9992378   0.02218742  0.        ]\n",
      " [-0.9553159   0.03727373 -0.29323164  0.        ]\n",
      " [-0.27260512 -0.17250818 -0.63518524  1.        ]]\n",
      "Focal length: [397.67438 397.47852]\n",
      "Principal point: [245.57632 132.89662]\n",
      "Pose at time 29201909383\n",
      "[[-0.29383302 -0.01170542  0.9557873   0.        ]\n",
      " [ 0.03220626  0.99923754  0.022139    0.        ]\n",
      " [-0.9553151   0.03728742 -0.29323283  0.        ]\n",
      " [-0.27259833 -0.17251557 -0.6351973   1.        ]]\n",
      "Focal length: [397.67438 397.47852]\n",
      "Principal point: [245.57632 132.89662]\n",
      "Pose at time 29202242579\n",
      "[[-0.29383036 -0.01176509  0.9557878   0.        ]\n",
      " [ 0.03215747  0.99923813  0.02218626  0.        ]\n",
      " [-0.9553178   0.03725444 -0.29322824  0.        ]\n",
      " [-0.2725906  -0.17251301 -0.6351877   1.        ]]\n",
      "Focal length: [397.67438 397.47852]\n",
      "Principal point: [245.57632 132.89662]\n",
      "Pose at time 29202575775\n",
      "[[-0.29383808 -0.01168497  0.9557862   0.        ]\n",
      " [ 0.0322206   0.9992378   0.02212211  0.        ]\n",
      " [-0.9553133   0.03729623 -0.29323784  0.        ]\n",
      " [-0.27257425 -0.17251416 -0.6351956   1.        ]]\n",
      "Focal length: [397.67438 397.47852]\n",
      "Principal point: [245.57632 132.89662]\n",
      "Pose at time 29202908970\n",
      "[[-0.29382774 -0.01179376  0.95578796  0.        ]\n",
      " [ 0.03219339  0.9992359   0.02222716  0.        ]\n",
      " [-0.9553174   0.03730073 -0.2932241   0.        ]\n",
      " [-0.272571   -0.17251423 -0.6351967   1.        ]]\n",
      "Focal length: [397.67438 397.47852]\n",
      "Principal point: [245.57632 132.89662]\n",
      "Pose at time 29203242166\n",
      "[[-0.29384658 -0.01170144  0.95578325  0.        ]\n",
      " [ 0.03215815  0.99923927  0.02212062  0.        ]\n",
      " [-0.95531285  0.03723606 -0.29324734  0.        ]\n",
      " [-0.27257064 -0.17251197 -0.63520324  1.        ]]\n",
      "Focal length: [397.67438 397.47852]\n",
      "Principal point: [245.57632 132.89662]\n",
      "Pose at time 29203575361\n",
      "[[-0.29385516 -0.01178561  0.95577973  0.        ]\n",
      " [ 0.03222803  0.99923503  0.02223039  0.        ]\n",
      " [-0.95530796  0.03733514 -0.29325095  0.        ]\n",
      " [-0.27255172 -0.17252198 -0.63520044  1.        ]]\n",
      "Focal length: [397.67438 397.47852]\n",
      "Principal point: [245.57632 132.89662]\n",
      "Pose at time 29203908557\n",
      "[[-0.29387176 -0.01172688  0.9557751   0.        ]\n",
      " [ 0.03221379  0.9992366   0.02216526  0.        ]\n",
      " [-0.95530295  0.03730275 -0.2932703   0.        ]\n",
      " [-0.27254635 -0.17252262 -0.6352151   1.        ]]\n",
      "Focal length: [397.67438 397.47852]\n",
      "Principal point: [245.57632 132.89662]\n",
      "Pose at time 29204241753\n",
      "[[-0.29387185 -0.01177293  0.9557743   0.        ]\n",
      " [ 0.03219535  0.99923635  0.02220771  0.        ]\n",
      " [-0.95530355  0.03729745 -0.29326886  0.        ]\n",
      " [-0.27255017 -0.17252393 -0.63521254  1.        ]]\n",
      "Focal length: [397.67438 397.47852]\n",
      "Principal point: [245.57632 132.89662]\n",
      "Pose at time 29204574948\n",
      "[[-0.29388037 -0.01175821  0.9557721   0.        ]\n",
      " [ 0.03223104  0.99923563  0.02220363  0.        ]\n",
      " [-0.9552999   0.03733056 -0.2932772   0.        ]\n",
      " [-0.2725516  -0.1725197  -0.6352206   1.        ]]\n",
      "Focal length: [397.67438 397.47852]\n",
      "Principal point: [245.57632 132.89662]\n",
      "Pose at time 29204908144\n",
      "[[-0.2938751  -0.01177518  0.95577323  0.        ]\n",
      " [ 0.03218385  0.9992367   0.02220664  0.        ]\n",
      " [-0.9553028   0.03728628 -0.2932723   0.        ]\n",
      " [-0.2725445  -0.17252389 -0.63523054  1.        ]]\n",
      "Focal length: [397.67438 397.47852]\n",
      "Principal point: [245.57632 132.89662]\n",
      "Pose at time 29205241340\n",
      "[[-0.2938833  -0.01175874  0.9557712   0.        ]\n",
      " [ 0.03221685  0.9992357   0.0222      0.        ]\n",
      " [-0.9552996   0.03731588 -0.29328063  0.        ]\n",
      " [-0.27253813 -0.17252873 -0.63525474  1.        ]]\n",
      "Focal length: [397.67438 397.47852]\n",
      "Principal point: [245.57632 132.89662]\n",
      "Pose at time 29205574536\n",
      "[[-0.2938626  -0.01176064  0.95577765  0.        ]\n",
      " [ 0.03218944  0.9992369   0.02219267  0.        ]\n",
      " [-0.9553064   0.03728742 -0.29326037  0.        ]\n",
      " [-0.27254838 -0.1725297  -0.6352571   1.        ]]\n",
      "Focal length: [397.67438 397.47852]\n",
      "Principal point: [245.57632 132.89662]\n",
      "Pose at time 29205907732\n",
      "[[-0.29386753 -0.01174086  0.95577586  0.        ]\n",
      " [ 0.03215328  0.9992387   0.02216111  0.        ]\n",
      " [-0.9553065   0.03724366 -0.29326722  0.        ]\n",
      " [-0.27254063 -0.1725386  -0.63527095  1.        ]]\n",
      "Focal length: [397.67438 397.47852]\n",
      "Principal point: [245.57632 132.89662]\n",
      "Pose at time 29206240928\n",
      "[[-0.29386872 -0.01174797  0.9557761   0.        ]\n",
      " [ 0.03220517  0.9992369   0.02218458  0.        ]\n",
      " [-0.95530415  0.03730012 -0.2932667   0.        ]\n",
      " [-0.27251905 -0.17254245 -0.63527054  1.        ]]\n",
      "Focal length: [397.67438 397.47852]\n",
      "Principal point: [245.57632 132.89662]\n",
      "Pose at time 29206574123\n",
      "[[-0.29388228 -0.011743    0.95577216  0.        ]\n",
      " [ 0.03215513  0.99923897  0.02216463  0.        ]\n",
      " [-0.95530194  0.0372465  -0.2932815   0.        ]\n",
      " [-0.27252606 -0.17254569 -0.63527113  1.        ]]\n",
      "Focal length: [397.67438 397.47852]\n",
      "Principal point: [245.57632 132.89662]\n",
      "Pose at time 29206907319\n",
      "[[-0.29388854 -0.01175283  0.95576966  0.        ]\n",
      " [ 0.03216087  0.99923813  0.02217681  0.        ]\n",
      " [-0.9552995   0.03725577 -0.2932874   0.        ]\n",
      " [-0.2725237  -0.17255735 -0.6352797   1.        ]]\n",
      "Focal length: [397.67438 397.47852]\n",
      "Principal point: [245.57632 132.89662]\n"
     ]
    },
    {
     "name": "stdout",
     "output_type": "stream",
     "text": [
      "Pose at time 29207240515\n",
      "[[-0.29387861 -0.01176024  0.95577276  0.        ]\n",
      " [ 0.03217652  0.99923754  0.02218894  0.        ]\n",
      " [-0.95530236  0.03727409 -0.29327676  0.        ]\n",
      " [-0.2725124  -0.17255948 -0.63528496  1.        ]]\n",
      "Focal length: [397.67438 397.47852]\n",
      "Principal point: [245.57632 132.89662]\n",
      "Pose at time 29207573710\n",
      "[[-0.293875   -0.01174966  0.955774    0.        ]\n",
      " [ 0.03213158  0.99923944  0.02216398  0.        ]\n",
      " [-0.95530474  0.03722385 -0.29327434  0.        ]\n",
      " [-0.27250558 -0.1725688  -0.635294    1.        ]]\n",
      "Focal length: [397.67438 397.47852]\n",
      "Principal point: [245.57632 132.89662]\n",
      "Pose at time 29207906906\n",
      "[[-0.29386556 -0.01176358  0.9557766   0.        ]\n",
      " [ 0.03211908  0.9992397   0.02217429  0.        ]\n",
      " [-0.9553083   0.03721483 -0.29326496  0.        ]\n",
      " [-0.27249184 -0.17257519 -0.6353027   1.        ]]\n",
      "Focal length: [397.67438 397.47852]\n",
      "Principal point: [245.57632 132.89662]\n",
      "Pose at time 29208240102\n",
      "[[-0.2938668  -0.01169605  0.9557768   0.        ]\n",
      " [ 0.03223593  0.99923635  0.02213959  0.        ]\n",
      " [-0.9553038   0.03731638 -0.2932661   0.        ]\n",
      " [-0.2724734  -0.17257649 -0.6353031   1.        ]]\n",
      "Focal length: [397.67438 397.47852]\n",
      "Principal point: [245.57632 132.89662]\n",
      "Pose at time 29208573297\n",
      "[[-0.29388252 -0.01173044  0.9557719   0.        ]\n",
      " [ 0.0321393   0.9992397   0.02214651  0.        ]\n",
      " [-0.9553023   0.03722606 -0.29328266  0.        ]\n",
      " [-0.27249324 -0.17258579 -0.63531214  1.        ]]\n",
      "Focal length: [397.67438 397.47852]\n",
      "Principal point: [245.57632 132.89662]\n",
      "Pose at time 29208906493\n",
      "[[-0.2939037  -0.01174518  0.9557649   0.        ]\n",
      " [ 0.03201236  0.9992441   0.02212382  0.        ]\n",
      " [-0.95529974  0.0370983  -0.293306    0.        ]\n",
      " [-0.27249837 -0.17258212 -0.6353158   1.        ]]\n",
      "Focal length: [397.67438 397.47852]\n",
      "Principal point: [245.57632 132.89662]\n",
      "Pose at time 29209239689\n",
      "[[-0.29390374 -0.01175978  0.9557649   0.        ]\n",
      " [ 0.03223595  0.9992348   0.02220775  0.        ]\n",
      " [-0.95529217  0.03733679 -0.2933005   0.        ]\n",
      " [-0.27247703 -0.17259187 -0.6353111   1.        ]]\n",
      "Focal length: [397.67438 397.47852]\n",
      "Principal point: [245.57632 132.89662]\n",
      "Pose at time 29209572885\n",
      "[[-0.29389393 -0.01172767  0.9557679   0.        ]\n",
      " [ 0.03209645  0.99924093  0.02213093  0.        ]\n",
      " [-0.9553      0.03718067 -0.29329532  0.        ]\n",
      " [-0.27249384 -0.17258686 -0.6353356   1.        ]]\n",
      "Focal length: [397.67438 397.47852]\n",
      "Principal point: [245.57632 132.89662]\n",
      "Pose at time 29209906081\n",
      "[[-0.2938903  -0.0117623   0.9557692   0.        ]\n",
      " [ 0.03199993  0.99924433  0.02213742  0.        ]\n",
      " [-0.9553045   0.03709033 -0.29329216  0.        ]\n",
      " [-0.2725069  -0.17258759 -0.63534236  1.        ]]\n",
      "Focal length: [397.67438 397.47852]\n",
      "Principal point: [245.57632 132.89662]\n",
      "Pose at time 29210239276\n",
      "[[-0.2938793  -0.01175671  0.9557724   0.        ]\n",
      " [ 0.03218604  0.9992372   0.02218823  0.        ]\n",
      " [-0.9553019   0.03728295 -0.29327717  0.        ]\n",
      " [-0.27248952 -0.17260031 -0.63535     1.        ]]\n",
      "Focal length: [397.67438 397.47852]\n",
      "Principal point: [245.57632 132.89662]\n",
      "Pose at time 29210572472\n",
      "[[-0.2938784  -0.01174035  0.95577335  0.        ]\n",
      " [ 0.03206137  0.99924254  0.02213287  0.        ]\n",
      " [-0.9553063   0.03714759 -0.29328012  0.        ]\n",
      " [-0.27249584 -0.17260917 -0.63534737  1.        ]]\n",
      "Focal length: [397.67438 397.47852]\n",
      "Principal point: [245.57632 132.89662]\n",
      "Pose at time 29210905668\n",
      "[[-0.293878   -0.01176897  0.95577276  0.        ]\n",
      " [ 0.03204725  0.9992421   0.02215836  0.        ]\n",
      " [-0.95530677  0.03714151 -0.29327857  0.        ]\n",
      " [-0.27249333 -0.1726159  -0.6353474   1.        ]]\n",
      "Focal length: [397.67438 397.47852]\n",
      "Principal point: [245.57632 132.89662]\n",
      "Pose at time 29211238864\n",
      "[[-0.2938574  -0.01173452  0.9557791   0.        ]\n",
      " [ 0.03210633  0.9992405   0.02213958  0.        ]\n",
      " [-0.9553112   0.03719224 -0.29325807  0.        ]\n",
      " [-0.27249616 -0.17261651 -0.63533676  1.        ]]\n",
      "Focal length: [397.67438 397.47852]\n",
      "Principal point: [245.57632 132.89662]\n",
      "Pose at time 29211572059\n",
      "[[-0.29385385 -0.01177238  0.9557798   0.        ]\n",
      " [ 0.03202863  0.99924284  0.02215521  0.        ]\n",
      " [-0.9553149   0.03712259 -0.29325503  0.        ]\n",
      " [-0.27250287 -0.17262298 -0.63534117  1.        ]]\n",
      "Focal length: [397.67438 397.47852]\n",
      "Principal point: [245.57632 132.89662]\n",
      "Pose at time 29211905255\n",
      "[[-0.29384452 -0.01173784  0.9557835   0.        ]\n",
      " [ 0.03210111  0.99924093  0.022141    0.        ]\n",
      " [-0.9553155   0.03718745 -0.29324543  0.        ]\n",
      " [-0.27250278 -0.17263289 -0.6353393   1.        ]]\n",
      "Focal length: [397.67438 397.47852]\n",
      "Principal point: [245.57632 132.89662]\n",
      "Pose at time 29212238451\n",
      "[[-0.2938474  -0.01179174  0.9557818   0.        ]\n",
      " [ 0.03206414  0.9992409   0.0221861   0.        ]\n",
      " [-0.9553158   0.03716536 -0.29324666  0.        ]\n",
      " [-0.27250695 -0.172633   -0.63533807  1.        ]]\n",
      "Focal length: [397.67438 397.47852]\n",
      "Principal point: [245.57632 132.89662]\n",
      "Pose at time 29212571646\n",
      "[[-0.29384255 -0.01175432  0.9557837   0.        ]\n",
      " [ 0.03196718  0.99924576  0.02211705  0.        ]\n",
      " [-0.95532024  0.03705242 -0.29324588  0.        ]\n",
      " [-0.2725131  -0.17263536 -0.6353575   1.        ]]\n",
      "Focal length: [397.67438 397.47852]\n",
      "Principal point: [245.57632 132.89662]\n",
      "Pose at time 29212904842\n",
      "[[-0.29384744 -0.0117598   0.9557825   0.        ]\n",
      " [ 0.03209936  0.9992405   0.02216354  0.        ]\n",
      " [-0.9553143   0.03719255 -0.29324743  0.        ]\n",
      " [-0.27251115 -0.17264886 -0.63535374  1.        ]]\n",
      "Focal length: [397.67438 397.47852]\n",
      "Principal point: [245.57632 132.89662]\n",
      "Pose at time 29213238038\n",
      "[[-0.29385704 -0.01175753  0.9557793   0.        ]\n",
      " [ 0.03208489  0.99924105  0.02215718  0.        ]\n",
      " [-0.955312    0.03717685 -0.29325747  0.        ]\n",
      " [-0.2725278  -0.17263873 -0.63535076  1.        ]]\n",
      "Focal length: [397.67438 397.47852]\n",
      "Principal point: [245.57632 132.89662]\n",
      "Pose at time 29213571233\n",
      "[[-0.29384843 -0.01172672  0.9557823   0.        ]\n",
      " [ 0.03199632  0.9992455   0.02209738  0.        ]\n",
      " [-0.9553175   0.03707454 -0.29325226  0.        ]\n",
      " [-0.27254465 -0.17263675 -0.6353542   1.        ]]\n",
      "Focal length: [397.67438 397.47852]\n",
      "Principal point: [245.57632 132.89662]\n",
      "Pose at time 29213904429\n",
      "[[-0.29384172 -0.01174331  0.95578426  0.        ]\n",
      " [ 0.03210359  0.99924034  0.02214738  0.        ]\n",
      " [-0.9553161   0.03719161 -0.29324198  0.        ]\n",
      " [-0.2725447  -0.1726471  -0.6353556   1.        ]]\n",
      "Focal length: [397.67438 397.47852]\n",
      "Principal point: [245.57632 132.89662]\n",
      "Pose at time 29214237625\n",
      "[[-0.29384845 -0.01172039  0.95578265  0.        ]\n",
      " [ 0.03208672  0.99924195  0.02211851  0.        ]\n",
      " [-0.9553147   0.0371673  -0.29325047  0.        ]\n",
      " [-0.27255648 -0.17264828 -0.6353551   1.        ]]\n",
      "Focal length: [397.67438 397.47852]\n",
      "Principal point: [245.57632 132.89662]\n",
      "Pose at time 29214570821\n",
      "[[-0.29384685 -0.01176466  0.95578253  0.        ]\n",
      " [ 0.03206331  0.99924165  0.02215751  0.        ]\n",
      " [-0.9553157   0.0371564  -0.29324737  0.        ]\n",
      " [-0.27256295 -0.17264049 -0.6353401   1.        ]]\n",
      "Focal length: [397.67438 397.47852]\n",
      "Principal point: [245.57632 132.89662]\n",
      "Pose at time 29214904017\n",
      "[[-0.29386485 -0.01172761  0.9557773   0.        ]\n",
      " [ 0.03210296  0.99924105  0.02213166  0.        ]\n",
      " [-0.95530885  0.03718686 -0.2932661   0.        ]\n",
      " [-0.27256167 -0.17264773 -0.6353473   1.        ]]\n",
      "Focal length: [397.67438 397.47852]\n",
      "Principal point: [245.57632 132.89662]\n",
      "Pose at time 29215237212\n",
      "[[-0.2938787  -0.01177824  0.95577264  0.        ]\n",
      " [ 0.03208858  0.99924016  0.02218112  0.        ]\n",
      " [-0.9553062   0.03718784 -0.29327726  0.        ]\n",
      " [-0.2725657  -0.17263107 -0.6353282   1.        ]]\n",
      "Focal length: [397.67438 397.47852]\n",
      "Principal point: [245.57632 132.89662]\n",
      "Pose at time 29215570408\n",
      "[[-0.2938747  -0.01176299  0.9557736   0.        ]\n",
      " [ 0.03207038  0.9992411   0.02215941  0.        ]\n",
      " [-0.9553076   0.03716411 -0.29327437  0.        ]\n",
      " [-0.27257326 -0.1726246  -0.6353254   1.        ]]\n",
      "Focal length: [397.67438 397.47852]\n",
      "Principal point: [245.57632 132.89662]\n",
      "Pose at time 29215903604\n",
      "[[-0.29386914 -0.0117682   0.95577556  0.        ]\n",
      " [ 0.03211269  0.9992394   0.02217769  0.        ]\n",
      " [-0.95530796  0.03720978 -0.2932677   0.        ]\n",
      " [-0.2725676  -0.1726188  -0.63532645  1.        ]]\n",
      "Focal length: [397.67438 397.47852]\n",
      "Principal point: [245.57632 132.89662]\n",
      "Pose at time 29216236800\n",
      "[[-0.29386416 -0.01178701  0.95577633  0.        ]\n",
      " [ 0.03210692  0.9992393   0.02219531  0.        ]\n",
      " [-0.95530987  0.03720928 -0.29326224  0.        ]\n",
      " [-0.27257016 -0.17262015 -0.63531303  1.        ]]\n",
      "Focal length: [397.67438 397.47852]\n",
      "Principal point: [245.57632 132.89662]\n",
      "Pose at time 29216569995\n",
      "[[-0.29387248 -0.0118147   0.95577323  0.        ]\n",
      " [ 0.0320846   0.9992395   0.02221771  0.        ]\n",
      " [-0.95530784  0.03719473 -0.2932696   0.        ]\n",
      " [-0.27257735 -0.1726168  -0.6353064   1.        ]]\n",
      "Focal length: [397.67438 397.47852]\n",
      "Principal point: [245.57632 132.89662]\n",
      "Pose at time 29216903191\n",
      "[[-0.29385492 -0.01175376  0.95577943  0.        ]\n",
      " [ 0.03209316  0.9992406   0.02215588  0.        ]\n",
      " [-0.9553132   0.03718453 -0.2932545   0.        ]\n",
      " [-0.27257484 -0.17259952 -0.6353159   1.        ]]\n",
      "Focal length: [397.67438 397.47852]\n",
      "Principal point: [245.57632 132.89662]\n",
      "Pose at time 29217236386\n",
      "[[-0.2938622  -0.0117317   0.9557783   0.        ]\n",
      " [ 0.03210295  0.999241    0.02213619  0.        ]\n",
      " [-0.9553106   0.03718815 -0.29326224  0.        ]\n",
      " [-0.27256966 -0.1726048  -0.63530546  1.        ]]\n",
      "Focal length: [397.67438 397.47852]\n",
      "Principal point: [245.57632 132.89662]\n",
      "Pose at time 29217569582\n",
      "[[-0.2938586  -0.01180457  0.9557779   0.        ]\n",
      " [ 0.03209911  0.9992391   0.02221105  0.        ]\n",
      " [-0.95531166  0.03720635 -0.2932561   0.        ]\n",
      " [-0.27258545 -0.17260061 -0.63529897  1.        ]]\n",
      "Focal length: [397.67438 397.47852]\n",
      "Principal point: [245.57632 132.89662]\n",
      "Pose at time 29217902778\n",
      "[[-0.293847   -0.01171727  0.95578265  0.        ]\n",
      " [ 0.03200438  0.99924475  0.02209018  0.        ]\n",
      " [-0.95531875  0.03708027 -0.29325005  0.        ]\n",
      " [-0.2725973  -0.17259525 -0.6352986   1.        ]]\n",
      "Focal length: [397.67438 397.47852]\n",
      "Principal point: [245.57632 132.89662]\n"
     ]
    },
    {
     "name": "stdout",
     "output_type": "stream",
     "text": [
      "Pose at time 29218235974\n",
      "[[-0.29388878 -0.01174821  0.95577013  0.        ]\n",
      " [ 0.03213903  0.9992387   0.02216544  0.        ]\n",
      " [-0.95530295  0.03723119 -0.29328808  0.        ]\n",
      " [-0.2728186  -0.17265487 -0.63546586  1.        ]]\n",
      "Focal length: [397.67438 397.47852]\n",
      "Principal point: [245.57632 132.89662]\n",
      "Pose at time 29218569169\n",
      "[[-0.29391    -0.01165471  0.95576495  0.        ]\n",
      " [ 0.03213071  0.9992411   0.02206599  0.        ]\n",
      " [-0.95529664  0.03719429 -0.29331306  0.        ]\n",
      " [-0.27281046 -0.17266119 -0.6354693   1.        ]]\n",
      "Focal length: [397.67438 397.47852]\n",
      "Principal point: [245.57632 132.89662]\n",
      "Pose at time 29218902365\n",
      "[[-0.29390895 -0.01170751  0.9557644   0.        ]\n",
      " [ 0.03196811  0.99924624  0.02207121  0.        ]\n",
      " [-0.95530224  0.03704042 -0.29331368  0.        ]\n",
      " [-0.27281576 -0.17265573 -0.6354797   1.        ]]\n",
      "Focal length: [397.67438 397.47852]\n",
      "Principal point: [245.57632 132.89662]\n",
      "Pose at time 29219235561\n",
      "[[-0.29390934 -0.01166029  0.95576435  0.        ]\n",
      " [ 0.03219391  0.9992385   0.02209113  0.        ]\n",
      " [-0.9552944   0.03726207 -0.29331097  0.        ]\n",
      " [-0.2727769  -0.17266771 -0.63547695  1.        ]]\n",
      "Focal length: [397.67438 397.47852]\n",
      "Principal point: [245.57632 132.89662]\n",
      "Pose at time 29219568757\n",
      "[[-0.29390615 -0.01169056  0.95576525  0.        ]\n",
      " [ 0.03214648  0.99924     0.02210809  0.        ]\n",
      " [-0.95529705  0.0372217  -0.2933073   0.        ]\n",
      " [-0.2727772  -0.17266956 -0.6354687   1.        ]]\n",
      "Focal length: [397.67438 397.47852]\n",
      "Principal point: [245.57632 132.89662]\n",
      "Pose at time 29219901953\n",
      "[[-0.2939104  -0.01166901  0.95576435  0.        ]\n",
      " [ 0.03211834  0.9992415   0.02207713  0.        ]\n",
      " [-0.95529675  0.03718577 -0.29331332  0.        ]\n",
      " [-0.27278975 -0.17266445 -0.63547885  1.        ]]\n",
      "Focal length: [397.67438 397.47852]\n",
      "Principal point: [245.57632 132.89662]\n",
      "Pose at time 29220235148\n",
      "[[-0.2939046  -0.01164646  0.9557661   0.        ]\n",
      " [ 0.03215951  0.9992399   0.02206591  0.        ]\n",
      " [-0.955297    0.0372218  -0.29330742  0.        ]\n",
      " [-0.27278364 -0.17265661 -0.63547564  1.        ]]\n",
      "Focal length: [397.67438 397.47852]\n",
      "Principal point: [245.57632 132.89662]\n",
      "Pose at time 29220568344\n",
      "[[-0.29390654 -0.01166996  0.95576537  0.        ]\n",
      " [ 0.03219669  0.999238    0.02210204  0.        ]\n",
      " [-0.9552953   0.03726795 -0.29330748  0.        ]\n",
      " [-0.27277058 -0.17265609 -0.6354668   1.        ]]\n",
      "Focal length: [397.67438 397.47852]\n",
      "Principal point: [245.57632 132.89662]\n",
      "Pose at time 29220901540\n",
      "[[-0.29392806 -0.01165779  0.9557589   0.        ]\n",
      " [ 0.03216739  0.99923974  0.02208113  0.        ]\n",
